[imageedit_13_2136630989.jpg]
filters=radblur=1,0.500000,0.500000,-1.000000,-1.000000;
moddate=13ce084fa46bd301
width=1400
height=928
textactive=0
[logo1.jpg]
filters=finetune2=1,0.000000,0.000000,0.480000,00000000,0.000000;Invert=1;crop64=1,1a923ccdc4ecffff;
crop=rect64(1a923ccdc4ecffff)
moddate=8053a6f7086cd301
width=819
height=720
textactive=0
[back4.jpg]
filters=crop64=1,ffffe777;enhance=1;radblur=1,0.500000,0.452083,-1.000000,-1.000000;
crop=rect64(ffffe777)
moddate=99f8f655c772d301
width=1018
height=720
textactive=0
